# n cna-llh baf-llh snv-llh total-llh total-bic
0 -1.3279142195e+06 -1.8802391922e+08 0.0000000000e+00 -1.8935183344e+08 -3.7870377356e+08
1 -1.6681483514e+06 -9.2786260254e+07 0.0000000000e+00 -9.4454408606e+07 -1.8890915502e+08
2 -7.6282297716e+05 -9.1856577560e+07 0.0000000000e+00 -9.2619400538e+07 -1.8524050791e+08
3 -7.5870865742e+05 -9.1535299495e+07 0.0000000000e+00 -9.2294008152e+07 -1.8460133320e+08
# 0 clones
18.354 
18.367 
18.353 
18.396 
18.316 
# 1 clones
6.214 0.8175 
7.223 0.6561 
6.274 0.8028 
6.217 0.8182 
2.092 0.4493 
# 2 clones
11.202 0.6531 0.2469 
11.649 0.5439 0.2442 
11.563 0.7051 0.1949 
11.243 0.6132 0.2879 
12.698 0.3518 0.2481 
# 3 clones
11.878 0.6257 0.1854 0.0887 
12.260 0.5468 0.1282 0.1251 
11.472 0.6738 0.1801 0.0460 
11.029 0.5391 0.3185 0.0412 
12.092 0.3297 0.1518 0.1264 
# cna-gof
1.4775
1.6550
1.4949
1.4064
2.1562
# baf-gof
0.0591
0.0718
0.0605
0.0581
0.1064
# cna-ent baf-ent snv-ent
3.3419e+03 4.1651e+06 0.0000e+00
