# n cna-llh baf-llh snv-llh total-llh total-bic
0 -1.3168513383e+06 -1.5579551842e+08 0.0000000000e+00 -1.5711236976e+08 -3.1422484619e+08
1 -8.9619610474e+05 -1.0355744455e+08 0.0000000000e+00 -1.0445364066e+08 -2.0890761909e+08
2 -7.6035966343e+05 -9.7843821956e+07 0.0000000000e+00 -9.8604181620e+07 -1.9721006991e+08
3 -7.5038352780e+05 -9.7373680661e+07 0.0000000000e+00 -9.8124064189e+07 -1.9626144398e+08
# 0 clones
18.683 
18.736 
18.780 
18.284 
18.770 
# 1 clones
6.094 0.7855 
6.797 0.6673 
5.898 0.8181 
8.228 0.4938 
7.235 0.6113 
# 2 clones
10.549 0.5174 0.3826 
11.848 0.6429 0.1573 
10.726 0.7493 0.1507 
12.374 0.6057 0.0103 
10.998 0.4374 0.3609 
# 3 clones
10.765 0.4812 0.2316 0.1872 
11.521 0.2726 0.0840 0.4434 
10.775 0.0465 0.1380 0.7124 
12.550 0.0002 0.0052 0.6114 
10.960 0.3141 0.3125 0.1733 
# cna-gof
1.1116
1.0743
1.1425
1.0217
1.3175
# baf-gof
0.0631
0.0764
0.0633
0.1118
0.0644
# cna-ent baf-ent snv-ent
1.8529e+03 5.1704e+06 0.0000e+00
