# n cna-llh baf-llh snv-llh total-llh total-bic
0 -8.3351984409e+05 -9.8821343143e+07 0.0000000000e+00 -9.9654862987e+07 -1.9930979517e+08
1 -5.1661516788e+05 -7.1230671207e+07 0.0000000000e+00 -7.1747286375e+07 -1.4349483223e+08
2 -4.8532621506e+05 -6.8521119877e+07 0.0000000000e+00 -6.9006446092e+07 -1.3801444909e+08
3 -4.8480807688e+05 -6.8313813906e+07 0.0000000000e+00 -6.8798621983e+07 -1.3761006248e+08
# 0 clones
27.286 
27.376 
27.396 
# 1 clones
14.428 0.6306 
11.679 0.9395 
17.303 0.4084 
# 2 clones
23.733 0.5117 0.2857 
21.740 0.2634 0.6842 
24.975 0.6991 0.0024 
# 3 clones
22.958 0.2935 0.2797 0.2246 
21.994 0.7018 0.2409 0.0038 
24.438 0.0164 0.3252 0.3609 
# cna-gof
1.9305
0.9516
1.6475
# baf-gof
0.0708
0.0559
0.0972
# cna-ent baf-ent snv-ent
1.2829e+03 4.3182e+06 0.0000e+00
