# n cna-llh baf-llh snv-llh total-llh total-bic
0 -1.1466287195e+06 -1.8323393001e+08 0.0000000000e+00 -1.8438055873e+08 -3.6876122436e+08
1 -2.9860007486e+06 -1.0385710058e+08 0.0000000000e+00 -1.0684310133e+08 -2.1368654119e+08
2 -7.7186797545e+05 -9.7707655357e+07 0.0000000000e+00 -9.8479523333e+07 -1.9696075715e+08
3 -7.5247001579e+05 -9.7307907883e+07 0.0000000000e+00 -9.8060377899e+07 -1.9613410116e+08
# 0 clones
18.262 
18.348 
18.228 
18.334 
18.348 
# 1 clones
4.212 0.6470 
5.336 0.3913 
4.384 0.7966 
1.742 0.6472 
1.394 0.2079 
# 2 clones
10.502 0.5978 0.3023 
10.800 0.3153 0.4847 
10.984 0.9000 0.0000 
10.033 0.5797 0.3203 
11.977 0.0572 0.5429 
# 3 clones
10.637 0.3021 0.3018 0.2961 
11.046 0.4927 0.2993 0.0080 
10.781 0.0096 0.4003 0.4929 
10.071 0.3017 0.0011 0.5972 
12.196 0.5640 0.0152 0.0218 
# cna-gof
0.8010
1.0074
0.9095
0.8089
1.0160
# baf-gof
0.0619
0.0703
0.0601
0.0612
0.0920
# cna-ent baf-ent snv-ent
6.6047e+02 5.4296e+06 0.0000e+00
