# n cna-llh baf-llh snv-llh total-llh total-bic
0 -8.0880949613e+05 -1.2877460691e+08 0.0000000000e+00 -1.2958341640e+08 -2.5916690205e+08
1 -1.2623613990e+06 -6.8817093348e+07 0.0000000000e+00 -7.0079454747e+07 -1.4015916918e+08
2 -4.7381421505e+05 -6.3553037164e+07 0.0000000000e+00 -6.4026851379e+07 -1.2805526086e+08
3 -4.7260029111e+05 -6.3511972266e+07 0.0000000000e+00 -6.3984572557e+07 -1.2798197348e+08
# 0 clones
24.330 
24.405 
24.361 
# 1 clones
14.125 0.8601 
14.018 0.8999 
4.666 0.7240 
# 2 clones
13.879 0.5575 0.3425 
14.361 0.3768 0.5233 
16.109 0.0060 0.6700 
# 3 clones
13.739 0.5581 0.3419 0.0846 
13.956 0.3768 0.5233 0.0449 
15.989 0.0017 0.6624 0.1551 
# cna-gof
0.8171
0.8342
0.9444
# baf-gof
0.0577
0.0556
0.0625
# cna-ent baf-ent snv-ent
8.2589e+02 3.5049e+06 0.0000e+00
