# n cna-llh baf-llh snv-llh total-llh total-bic
0 -1.2928652125e+06 -1.5750567571e+08 0.0000000000e+00 -1.5879854092e+08 -3.1759718864e+08
1 -9.3018631175e+05 -1.0829564076e+08 0.0000000000e+00 -1.0922582707e+08 -2.1845199233e+08
2 -7.8520595690e+05 -1.0519149584e+08 0.0000000000e+00 -1.0597670180e+08 -2.1195511232e+08
3 -7.8492167576e+05 -1.0462906569e+08 0.0000000000e+00 -1.0541398736e+08 -2.1084130635e+08
# 0 clones
23.817 
23.726 
23.739 
23.481 
23.230 
# 1 clones
12.387 0.7792 
13.964 0.5994 
12.349 0.8205 
16.169 0.8235 
16.893 0.3643 
# 2 clones
13.522 0.5424 0.2775 
14.079 0.6592 0.0007 
13.772 0.3691 0.4510 
14.042 0.2579 0.5534 
16.853 0.3743 0.0312 
# 3 clones
13.862 0.2796 0.2776 0.2626 
14.511 0.2248 0.0017 0.4335 
13.207 0.3636 0.4456 0.0108 
14.244 0.0257 0.5485 0.2458 
15.834 0.0000 0.0155 0.4245 
# cna-gof
1.4272
1.2928
2.3108
0.8782
1.9741
# baf-gof
0.0589
0.0739
0.0613
0.0613
0.1379
# cna-ent baf-ent snv-ent
1.3342e+02 3.7805e+06 0.0000e+00
