# n cna-llh baf-llh snv-llh total-llh total-bic
0 -1.1521669524e+06 -1.4327903761e+08 0.0000000000e+00 -1.4443120456e+08 -2.8886251582e+08
1 -1.5910570769e+06 -9.7908565688e+07 0.0000000000e+00 -9.9499622765e+07 -1.9899958344e+08
2 -7.9175769339e+05 -9.5244884892e+07 0.0000000000e+00 -9.6036642585e+07 -1.9207499251e+08
3 -7.5848875212e+05 -9.5080473158e+07 0.0000000000e+00 -9.5838961910e+07 -1.9169124465e+08
# 0 clones
18.344 
18.291 
18.373 
18.335 
18.330 
# 1 clones
7.558 0.8182 
8.742 0.6394 
7.389 0.8518 
2.048 0.8411 
10.582 0.4286 
# 2 clones
10.849 0.6164 0.2834 
13.028 0.3027 0.4774 
10.829 0.9011 0.0000 
11.304 0.6086 0.2944 
10.947 0.0508 0.5489 
# 3 clones
9.611 0.3356 0.3161 0.2334 
11.726 0.4248 0.1775 0.1945 
7.239 0.0025 0.5374 0.3022 
10.055 0.3480 0.3166 0.2211 
15.245 0.4563 0.0768 0.1306 
# cna-gof
1.0227
1.1650
1.4334
1.6273
1.5248
# baf-gof
0.0637
0.0656
0.0638
0.0641
0.0956
# cna-ent baf-ent snv-ent
3.7402e+03 6.3793e+06 0.0000e+00
