# n cna-llh baf-llh snv-llh total-llh total-bic
0 -9.6508093509e+05 -1.5567162913e+08 0.0000000000e+00 -1.5663671006e+08 -3.1327348931e+08
1 -4.8961062906e+05 -6.7564055932e+07 0.0000000000e+00 -6.8053666561e+07 -1.3610759255e+08
2 -4.8187442661e+05 -6.2125097837e+07 0.0000000000e+00 -6.2606972263e+07 -1.2521550111e+08
3 -4.6780602591e+05 -6.1938641283e+07 0.0000000000e+00 -6.2406447309e+07 -1.2482571048e+08
# 0 clones
23.190 
23.097 
23.079 
# 1 clones
14.266 0.9000 
14.114 0.9000 
15.274 0.7172 
# 2 clones
13.699 0.5279 0.3630 
15.419 0.3456 0.5599 
16.354 0.0000 0.6650 
# 3 clones
13.693 0.5663 0.2769 0.0569 
14.253 0.3768 0.2118 0.3114 
15.934 0.0000 0.1810 0.4790 
# cna-gof
0.9002
1.3981
0.9501
# baf-gof
0.0540
0.0557
0.1117
# cna-ent baf-ent snv-ent
1.9577e+02 4.5308e+06 0.0000e+00
