# n cna-llh baf-llh snv-llh total-llh total-bic
0 -1.1413325331e+06 -1.3701774459e+08 0.0000000000e+00 -1.3815907712e+08 -2.7631826112e+08
1 -8.1336070430e+05 -1.0196613401e+08 0.0000000000e+00 -1.0277949472e+08 -2.0555932789e+08
2 -7.5995186302e+05 -1.0009140175e+08 0.0000000000e+00 -1.0085135361e+08 -2.0170441731e+08
3 -7.5535589391e+05 -9.9857906676e+07 0.0000000000e+00 -1.0061326257e+08 -2.0123986745e+08
# 0 clones
18.264 
18.281 
18.226 
18.221 
18.359 
# 1 clones
6.317 0.8571 
7.158 0.7023 
6.408 0.8574 
6.552 0.8518 
8.608 0.4826 
# 2 clones
9.419 0.7313 0.1687 
9.845 0.5262 0.2631 
9.334 0.8659 0.0341 
9.636 0.7463 0.1536 
10.439 0.3168 0.2789 
# 3 clones
8.854 0.3994 0.2816 0.2190 
9.558 0.0586 0.5117 0.2254 
9.526 0.5530 0.0000 0.3447 
9.331 0.5137 0.3300 0.0571 
11.319 0.0000 0.5964 0.0005 
# cna-gof
1.8672
1.1681
1.2315
0.9079
1.2782
# baf-gof
0.0639
0.0674
0.0654
0.0641
0.0877
# cna-ent baf-ent snv-ent
1.3142e+03 5.2827e+06 0.0000e+00
