# n cna-llh baf-llh snv-llh total-llh total-bic
0 -1.2033511747e+06 -2.0103080283e+08 0.0000000000e+00 -2.0223415400e+08 -4.0446841497e+08
1 -8.3130376810e+05 -1.1364270147e+08 0.0000000000e+00 -1.1447400524e+08 -2.2894834918e+08
2 -7.9727373451e+05 -1.0737292882e+08 0.0000000000e+00 -1.0817020256e+08 -2.1634211644e+08
3 -8.0695595815e+05 -1.0701815344e+08 0.0000000000e+00 -1.0782510940e+08 -2.1566357071e+08
# 0 clones
24.046 
24.063 
23.795 
23.999 
24.105 
# 1 clones
10.465 0.7523 
12.957 0.5081 
9.853 0.8037 
10.878 0.7501 
16.724 0.2556 
# 2 clones
14.110 0.5561 0.2639 
15.427 0.2776 0.3877 
15.174 0.8199 0.0001 
14.605 0.5302 0.2897 
17.217 0.0548 0.3652 
# 3 clones
26.852 0.3119 0.2985 0.2907 
27.113 0.0556 0.2670 0.4726 
26.664 0.4929 0.4081 0.0000 
27.614 0.5142 0.0832 0.3036 
22.733 0.0071 0.0138 0.5708 
# cna-gof
0.9596
2.3551
1.1507
2.2511
4.6740
# baf-gof
0.0618
0.0866
0.0620
0.0594
0.1504
# cna-ent baf-ent snv-ent
1.6056e+02 3.7324e+06 0.0000e+00
