# n cna-llh baf-llh snv-llh total-llh total-bic
0 -9.1857499709e+05 -1.2581949087e+08 0.0000000000e+00 -1.2673806587e+08 -2.5347620065e+08
1 -6.6605176457e+05 -5.9994987118e+07 0.0000000000e+00 -6.0661038883e+07 -1.2132235342e+08
2 -4.4353919554e+05 -5.3435155745e+07 0.0000000000e+00 -5.3878694941e+07 -1.0775926774e+08
3 -4.4534270721e+05 -5.3417714717e+07 0.0000000000e+00 -5.3863057424e+07 -1.0774354968e+08
# 0 clones
18.257 
18.323 
19.549 
# 1 clones
4.967 0.7503 
4.415 0.8393 
5.365 0.6719 
# 2 clones
10.795 0.5903 0.3499 
11.002 0.3937 0.5514 
12.299 0.0001 0.8000 
# 3 clones
10.549 0.5019 0.3498 0.0946 
11.380 0.0447 0.5549 0.3487 
12.335 0.0016 0.7988 0.0000 
# cna-gof
1.2405
1.2271
0.7150
# baf-gof
0.0563
0.0576
0.0726
# cna-ent baf-ent snv-ent
1.0075e+03 4.3776e+06 0.0000e+00
