# n cna-llh baf-llh snv-llh total-llh total-bic
0 -6.4906645708e+05 -8.4477306415e+07 0.0000000000e+00 -8.5126372872e+07 -1.7025281497e+08
1 -5.2689966193e+05 -6.0470929516e+07 0.0000000000e+00 -6.0997829178e+07 -1.2199591794e+08
2 -4.5922334263e+05 -5.8284992816e+07 0.0000000000e+00 -5.8744216158e+07 -1.1748998983e+08
3 -4.5276726084e+05 -5.8210170227e+07 0.0000000000e+00 -5.8662937488e+07 -1.1733869851e+08
# 0 clones
18.310 
18.313 
18.278 
# 1 clones
9.701 0.9402 
7.541 0.9600 
11.422 0.8117 
# 2 clones
9.163 0.5990 0.3597 
8.819 0.3989 0.5595 
10.077 0.0004 0.7996 
# 3 clones
9.568 0.5871 0.2110 0.1429 
9.611 0.3858 0.4469 0.1074 
10.303 0.0024 0.4091 0.3885 
# cna-gof
0.8420
0.8494
0.8373
# baf-gof
0.0628
0.0633
0.0661
# cna-ent baf-ent snv-ent
1.5165e+03 3.5731e+06 0.0000e+00
