# n cna-llh baf-llh snv-llh total-llh total-bic
0 -1.1100844785e+06 -1.5061878369e+08 0.0000000000e+00 -1.5172886817e+08 -3.0345784330e+08
1 -8.2998135014e+05 -1.1451279133e+08 0.0000000000e+00 -1.1534277268e+08 -2.3068588406e+08
2 -8.2749913487e+05 -1.1235103081e+08 0.0000000000e+00 -1.1317852994e+08 -2.2635877127e+08
3 -8.1285660741e+05 -1.1151789820e+08 0.0000000000e+00 -1.1233075481e+08 -2.2467486198e+08
# 0 clones
27.568 
27.410 
27.348 
27.326 
27.408 
# 1 clones
17.166 0.5625 
16.001 0.6665 
17.423 0.5407 
18.414 0.4644 
21.173 0.2703 
# 2 clones
13.848 0.5534 0.2134 
14.052 0.6282 0.1018 
15.274 0.5426 0.0933 
18.559 0.4025 0.0014 
15.540 0.2520 0.2233 
# 3 clones
26.741 0.4315 0.2696 0.1938 
25.938 0.2859 0.5091 0.0254 
25.914 0.0436 0.5680 0.2819 
26.807 0.0296 0.5668 0.0346 
26.204 0.2343 0.0805 0.4556 
# cna-gof
1.1962
1.8813
1.6164
1.0135
1.9787
# baf-gof
0.0502
0.0651
0.0510
0.1317
0.0710
# cna-ent baf-ent snv-ent
5.8996e+02 2.4292e+06 0.0000e+00
