# n cna-llh baf-llh snv-llh total-llh total-bic
0 -1.1097009681e+06 -1.4633056255e+08 0.0000000000e+00 -1.4744026352e+08 -2.9488063401e+08
1 -8.3307207857e+05 -1.1620454220e+08 0.0000000000e+00 -1.1703761428e+08 -2.3407556732e+08
2 -8.4133152785e+05 -1.1315003632e+08 0.0000000000e+00 -1.1399136785e+08 -2.2798444738e+08
3 -8.1116490429e+05 -1.1204530892e+08 0.0000000000e+00 -1.1285647382e+08 -2.2572630228e+08
# 0 clones
27.295 
27.294 
27.306 
27.111 
27.489 
# 1 clones
17.297 0.5494 
17.711 0.5190 
18.852 0.4399 
15.157 0.7617 
17.423 0.5391 
# 2 clones
12.951 0.3584 0.3281 
13.908 0.1944 0.3502 
14.799 0.3772 0.1924 
13.079 0.6800 0.1593 
14.655 0.1005 0.3443 
# 3 clones
14.525 0.2826 0.2778 0.2608 
16.129 0.2374 0.4068 0.0158 
14.747 0.3592 0.0021 0.4511 
14.737 0.0040 0.2780 0.5433 
18.645 0.0009 0.4274 0.0168 
# cna-gof
1.0209
1.1016
1.3956
1.1889
1.3520
# baf-gof
0.0503
0.0747
0.0457
0.0502
0.1429
# cna-ent baf-ent snv-ent
5.2104e+02 2.7352e+06 0.0000e+00
