# n cna-llh baf-llh snv-llh total-llh total-bic
0 -7.7969782017e+05 -1.0291063158e+08 0.0000000000e+00 -1.0369032940e+08 -2.0738072797e+08
1 -5.2809509090e+05 -5.9495951695e+07 0.0000000000e+00 -6.0024046786e+07 -1.2004835295e+08
2 -4.7998189841e+05 -5.8181439735e+07 0.0000000000e+00 -5.8661421634e+07 -1.1732439954e+08
3 -1.3304835550e+06 -5.7979841025e+07 0.0000000000e+00 -5.9310324580e+07 -1.1863346251e+08
# 0 clones
18.149 
18.138 
17.995 
# 1 clones
5.802 0.9125 
5.863 0.9231 
6.553 0.7829 
# 2 clones
8.912 0.7191 0.2325 
10.733 0.7695 0.1839 
13.202 0.7666 0.1054 
# 3 clones
8.424 0.4704 0.4422 0.0295 
8.367 0.2684 0.5279 0.1460 
0.467 0.0086 0.5639 0.2272 
# cna-gof
4.0196
1.4052
3.9309
# baf-gof
0.0631
0.0625
0.0676
# cna-ent baf-ent snv-ent
1.4886e+03 4.5907e+06 0.0000e+00
