# n cna-llh baf-llh snv-llh total-llh total-bic
0 -6.8125433413e+05 -1.0363402364e+08 0.0000000000e+00 -1.0431527798e+08 -2.0863062513e+08
1 -4.7836020539e+05 -5.8487072117e+07 0.0000000000e+00 -5.8965432323e+07 -1.1793112407e+08
2 -4.5094217792e+05 -5.6368844963e+07 0.0000000000e+00 -5.6819787141e+07 -1.1364113082e+08
3 -4.5206022800e+05 -5.6326157997e+07 0.0000000000e+00 -5.6778218225e+07 -1.1356925191e+08
# 0 clones
18.431 
18.529 
18.378 
# 1 clones
7.058 0.6666 
5.707 0.9127 
8.118 0.5152 
# 2 clones
11.698 0.5000 0.3001 
11.386 0.2470 0.6990 
11.846 0.6970 0.0031 
# 3 clones
11.846 0.4315 0.3030 0.0655 
10.955 0.7430 0.1849 0.0202 
11.603 0.2795 0.2634 0.1571 
# cna-gof
1.2957
1.0590
1.0604
# baf-gof
0.0675
0.0581
0.0731
# cna-ent baf-ent snv-ent
2.2804e+03 4.0622e+06 0.0000e+00
