# n cna-llh baf-llh snv-llh total-llh total-bic
0 -1.1920242425e+06 -1.5839569073e+08 0.0000000000e+00 -1.5958771497e+08 -3.1917553692e+08
1 -9.7264110725e+05 -1.2109858460e+08 0.0000000000e+00 -1.2207122570e+08 -2.4414279019e+08
2 -8.2572587775e+05 -1.1713148475e+08 0.0000000000e+00 -1.1795721063e+08 -2.3591613298e+08
3 -8.4054257617e+05 -1.1631836522e+08 0.0000000000e+00 -1.1715890780e+08 -2.3433117059e+08
# 0 clones
27.201 
27.073 
26.848 
26.862 
27.400 
# 1 clones
17.374 0.2757 
17.604 0.2728 
15.940 0.3333 
17.837 0.2626 
19.025 0.2178 
# 2 clones
21.103 0.4286 0.1850 
22.589 0.2105 0.4730 
22.649 0.1072 0.6439 
23.808 0.0083 0.6020 
22.971 0.3795 0.0584 
# 3 clones
12.709 0.4557 0.2920 0.0012 
13.692 0.2640 0.1272 0.2960 
13.125 0.0557 0.1129 0.5939 
16.461 0.0112 0.0105 0.4346 
15.050 0.2553 0.2556 0.0150 
# cna-gof
1.9686
1.8441
2.2562
1.9438
2.0820
# baf-gof
0.0568
0.0657
0.0564
0.1246
0.0968
# cna-ent baf-ent snv-ent
1.6270e+03 3.9456e+06 0.0000e+00
