# n cna-llh baf-llh snv-llh total-llh total-bic
0 -1.7244932540e+06 -2.4080441776e+08 0.0000000000e+00 -2.4252891102e+08 -4.8505792843e+08
1 -2.2713751462e+06 -9.2077029448e+07 0.0000000000e+00 -9.4348404594e+07 -1.8869714610e+08
2 -7.6779040907e+05 -8.9916313879e+07 0.0000000000e+00 -9.0684104288e+07 -1.8136991084e+08
3 -7.4519761221e+05 -8.9488638066e+07 0.0000000000e+00 -9.0233835678e+07 -1.8048095257e+08
# 0 clones
19.085 
19.120 
18.839 
19.245 
18.177 
# 1 clones
0.755 0.7199 
7.991 0.5329 
3.730 0.7200 
4.692 0.6834 
7.772 0.3369 
# 2 clones
12.439 0.5955 0.3040 
13.082 0.4480 0.3519 
13.047 0.6676 0.2272 
12.136 0.2965 0.6011 
13.979 0.3302 0.2748 
# 3 clones
12.738 0.3742 0.3661 0.1595 
13.155 0.5142 0.2858 0.0000 
12.635 0.1531 0.4848 0.2594 
12.422 0.2064 0.1749 0.5187 
14.091 0.4624 0.0512 0.0874 
# cna-gof
1.0354
1.1717
1.7771
1.5431
1.3309
# baf-gof
0.0586
0.0771
0.0611
0.0589
0.1264
# cna-ent baf-ent snv-ent
1.2679e+03 4.7215e+06 0.0000e+00
