# n cna-llh baf-llh snv-llh total-llh total-bic
0 -1.0333641541e+06 -1.5230720161e+08 0.0000000000e+00 -1.5334056577e+08 -3.0668123845e+08
1 -8.5547388638e+05 -1.0185419043e+08 0.0000000000e+00 -1.0270966432e+08 -2.0541966718e+08
2 -8.3915164900e+05 -9.8716240957e+07 0.0000000000e+00 -9.9555392606e+07 -1.9911249577e+08
3 -7.5559881623e+05 -9.8435418684e+07 0.0000000000e+00 -9.9191017501e+07 -1.9839538089e+08
# 0 clones
18.306 
18.350 
18.331 
18.335 
18.311 
# 1 clones
5.463 0.8361 
6.289 0.6684 
5.638 0.8180 
7.897 0.4798 
6.599 0.6420 
# 2 clones
5.618 0.4265 0.3918 
6.396 0.4939 0.1755 
5.752 0.6327 0.1855 
8.179 0.4279 0.0314 
6.622 0.3418 0.3057 
# 3 clones
10.188 0.5282 0.3686 0.0030 
10.619 0.2999 0.1515 0.3486 
10.058 0.0070 0.1504 0.7419 
11.851 0.0398 0.0153 0.5571 
10.482 0.2991 0.3778 0.1231 
# cna-gof
1.0980
1.0088
0.9631
0.8727
1.0410
# baf-gof
0.0629
0.0689
0.0623
0.0956
0.0628
# cna-ent baf-ent snv-ent
1.4490e+03 4.6833e+06 0.0000e+00
