# n cna-llh baf-llh snv-llh total-llh total-bic
0 -1.0463279271e+06 -1.3659047107e+08 0.0000000000e+00 -1.3763679900e+08 -2.7527370498e+08
1 -8.7113207857e+05 -1.1648811710e+08 0.0000000000e+00 -1.1735924918e+08 -2.3471883714e+08
2 -9.3855823467e+05 -1.1178083612e+08 0.0000000000e+00 -1.1271939436e+08 -2.2544050042e+08
3 -8.3392226072e+05 -1.1082240273e+08 0.0000000000e+00 -1.1165632499e+08 -2.2332600483e+08
# 0 clones
27.305 
27.441 
27.296 
27.413 
27.296 
# 1 clones
27.108 0.7621 
27.635 0.5642 
28.458 0.5912 
25.350 0.4124 
27.256 0.7948 
# 2 clones
15.236 0.4195 0.3226 
15.932 0.5052 0.1969 
20.510 0.5758 0.1648 
20.787 0.2957 0.0869 
10.838 0.1859 0.4185 
# 3 clones
11.607 0.4690 0.1776 0.1240 
13.527 0.2098 0.1330 0.2191 
12.875 0.3723 0.1254 0.2605 
16.629 0.0079 0.0838 0.2202 
14.348 0.5362 0.1002 0.0016 
# cna-gof
3.0409
2.0076
2.9169
1.7815
2.3656
# baf-gof
0.0535
0.0680
0.0510
0.1491
0.0731
# cna-ent baf-ent snv-ent
2.5350e+03 7.0756e+06 0.0000e+00
