# n cna-llh baf-llh snv-llh total-llh total-bic
0 -1.0130653236e+06 -1.2798833883e+08 0.0000000000e+00 -1.2900140415e+08 -2.5800287723e+08
1 -4.5581453221e+05 -5.4665858737e+07 0.0000000000e+00 -5.5121673270e+07 -1.1024360502e+08
2 -4.4267065731e+05 -5.3509004144e+07 0.0000000000e+00 -5.3951674801e+07 -1.0790490051e+08
3 -4.4549868921e+05 -5.3491064823e+07 0.0000000000e+00 -5.3936563512e+07 -1.0788589614e+08
# 0 clones
19.519 
19.139 
19.373 
# 1 clones
12.529 0.7997 
11.432 0.9400 
12.722 0.6999 
# 2 clones
12.615 0.4990 0.3010 
11.721 0.2465 0.6971 
12.798 0.6687 0.0313 
# 3 clones
11.705 0.4829 0.1980 0.1159 
11.203 0.7245 0.1055 0.1146 
13.101 0.3332 0.2688 0.1063 
# cna-gof
1.6369
1.1981
1.2107
# baf-gof
0.0712
0.0520
0.0858
# cna-ent baf-ent snv-ent
5.9000e+03 5.7143e+06 0.0000e+00
