# n cna-llh baf-llh snv-llh total-llh total-bic
0 -8.5442182135e+05 -1.2882714087e+08 0.0000000000e+00 -1.2968156269e+08 -2.5936319457e+08
1 -2.0197702363e+06 -6.4953696779e+07 0.0000000000e+00 -6.6973467016e+07 -1.3394719348e+08
2 -4.6968502731e+05 -6.3246453462e+07 0.0000000000e+00 -6.3716138490e+07 -1.2743383365e+08
3 -4.6718006057e+05 -6.3214444966e+07 0.0000000000e+00 -6.3681625027e+07 -1.2737606662e+08
# 0 clones
23.322 
23.147 
23.131 
# 1 clones
26.107 0.3469 
4.294 0.6923 
5.785 0.2356 
# 2 clones
15.132 0.4068 0.2532 
13.910 0.2338 0.6662 
16.522 0.4946 0.0454 
# 3 clones
25.312 0.3147 0.3015 0.1804 
26.833 0.2399 0.7013 0.0061 
24.753 0.3786 0.0000 0.3227 
# cna-gof
0.9442
0.7932
0.7355
# baf-gof
0.0965
0.0557
0.1284
# cna-ent baf-ent snv-ent
2.1952e+02 4.5400e+06 0.0000e+00
