# n cna-llh baf-llh snv-llh total-llh total-bic
0 -1.2604632525e+06 -1.5276476913e+08 0.0000000000e+00 -1.5402523239e+08 -3.0805057157e+08
1 -8.4223116821e+05 -1.0848569139e+08 0.0000000000e+00 -1.0932792256e+08 -2.1865618333e+08
2 -9.5200841980e+05 -1.0615579117e+08 0.0000000000e+00 -1.0710779959e+08 -2.1421730805e+08
3 -7.8935727189e+05 -1.0562259140e+08 0.0000000000e+00 -1.0641194867e+08 -2.1283723007e+08
# 0 clones
23.728 
23.714 
23.805 
23.155 
23.738 
# 1 clones
9.913 0.7524 
10.826 0.5862 
9.844 0.7480 
14.118 0.3508 
11.806 0.5640 
# 2 clones
6.889 0.6335 0.1721 
8.063 0.4509 0.2048 
6.270 0.5865 0.3753 
11.230 0.2124 0.1842 
8.777 0.4116 0.1495 
# 3 clones
11.495 0.7538 0.2007 0.0302 
11.091 0.2794 0.3334 0.2784 
11.563 0.3016 0.1257 0.4956 
12.989 0.0479 0.1753 0.3177 
14.754 0.5726 0.0330 0.0683 
# cna-gof
1.2434
1.2775
1.5448
2.5787
1.4974
# baf-gof
0.0625
0.0581
0.0566
0.0974
0.0787
# cna-ent baf-ent snv-ent
1.7288e+03 3.5501e+06 0.0000e+00
