# n cna-llh baf-llh snv-llh total-llh total-bic
0 -1.1707038397e+06 -1.5500509873e+08 0.0000000000e+00 -1.5617580257e+08 -3.1235171213e+08
1 -8.7567825708e+05 -1.2022631401e+08 0.0000000000e+00 -1.2110199227e+08 -2.4220432332e+08
2 -8.4080169791e+05 -1.1662705375e+08 0.0000000000e+00 -1.1746785545e+08 -2.3493742261e+08
3 -9.0283228302e+05 -1.1579959897e+08 0.0000000000e+00 -1.1670243125e+08 -2.3341821748e+08
# 0 clones
27.056 
27.172 
27.007 
27.280 
27.461 
# 1 clones
22.291 0.2991 
22.850 0.2389 
21.110 0.3403 
22.275 0.3179 
24.389 0.1717 
# 2 clones
18.897 0.5112 0.2006 
19.113 0.2483 0.2333 
19.305 0.6336 0.1948 
20.592 0.7555 0.0734 
22.084 0.2511 0.1204 
# 3 clones
12.212 0.3243 0.2984 0.1406 
10.732 0.1096 0.3334 0.2176 
11.737 0.4275 0.2751 0.1299 
19.183 0.3970 0.2194 0.0025 
16.509 0.0937 0.1882 0.0707 
# cna-gof
3.0866
4.5964
6.2569
5.9849
3.2476
# baf-gof
0.0559
0.0587
0.0554
0.0951
0.1365
# cna-ent baf-ent snv-ent
1.8505e+03 7.2102e+06 0.0000e+00
