# n cna-llh baf-llh snv-llh total-llh total-bic
0 -8.8788287615e+05 -1.2022212764e+08 0.0000000000e+00 -1.2111001052e+08 -2.4222009001e+08
1 -5.0604505261e+05 -5.6300165764e+07 0.0000000000e+00 -5.6806210817e+07 -1.1361269751e+08
2 -4.4842071572e+05 -5.2377276407e+07 0.0000000000e+00 -5.2825697123e+07 -1.0565327368e+08
3 -4.4708568581e+05 -5.2360260276e+07 0.0000000000e+00 -5.2807345962e+07 -1.0563214135e+08
# 0 clones
18.302 
18.358 
19.266 
# 1 clones
6.056 0.8868 
5.734 0.8876 
6.684 0.6949 
# 2 clones
10.929 0.5867 0.3533 
11.151 0.3877 0.5548 
12.802 0.0002 0.7998 
# 3 clones
10.684 0.4532 0.4523 0.0411 
11.491 0.5623 0.3735 0.0050 
12.906 0.7949 0.0050 0.0001 
# cna-gof
1.1282
0.7296
0.7557
# baf-gof
0.0559
0.0567
0.0720
# cna-ent baf-ent snv-ent
2.4545e+04 7.6821e+06 0.0000e+00
