# n cna-llh baf-llh snv-llh total-llh total-bic
0 -1.1887543880e+06 -1.3789492022e+08 0.0000000000e+00 -1.3908367461e+08 -2.7816745610e+08
1 -7.8365298974e+05 -1.0309159355e+08 0.0000000000e+00 -1.0387524654e+08 -2.0775083153e+08
2 -7.5760367036e+05 -1.0085865638e+08 0.0000000000e+00 -1.0161626005e+08 -2.0323423012e+08
3 -7.5728226392e+05 -1.0063034446e+08 0.0000000000e+00 -1.0138762672e+08 -2.0278859513e+08
# 0 clones
18.243 
18.330 
18.263 
18.346 
18.319 
# 1 clones
9.737 0.8597 
9.444 0.8000 
9.416 0.8572 
10.775 0.6200 
10.326 0.7026 
# 2 clones
9.052 0.6156 0.2843 
9.782 0.6811 0.1231 
9.185 0.6805 0.2194 
10.457 0.5992 0.0177 
9.686 0.3774 0.4132 
# 3 clones
9.812 0.4293 0.2408 0.2154 
9.430 0.2098 0.5630 0.0387 
9.257 0.0369 0.5914 0.2845 
10.898 0.0031 0.6007 0.0161 
9.238 0.2540 0.0000 0.5488 
# cna-gof
1.9812
1.5275
0.9853
0.7952
2.0658
# baf-gof
0.0651
0.0702
0.0637
0.0957
0.0659
# cna-ent baf-ent snv-ent
1.3435e+03 5.3249e+06 0.0000e+00
