# n cna-llh baf-llh snv-llh total-llh total-bic
0 -8.2905305517e+05 -1.3314931872e+08 0.0000000000e+00 -1.3397837177e+08 -2.6795681274e+08
1 -1.5047634316e+06 -6.6877057615e+07 0.0000000000e+00 -6.8381821047e+07 -1.3676390156e+08
2 -4.6216634287e+05 -6.1226785224e+07 0.0000000000e+00 -6.1688951567e+07 -1.2337945996e+08
3 -4.6449755390e+05 -6.1193132371e+07 0.0000000000e+00 -6.1657629925e+07 -1.2332807771e+08
# 0 clones
22.016 
22.099 
22.172 
# 1 clones
8.845 0.8303 
4.593 0.8581 
20.720 0.6317 
# 2 clones
13.102 0.5592 0.3407 
13.313 0.3769 0.5231 
15.595 0.0054 0.6636 
# 3 clones
12.962 0.5574 0.3335 0.0091 
13.979 0.3768 0.2789 0.2443 
16.034 0.0028 0.1308 0.5311 
# cna-gof
1.1438
1.5841
1.1262
# baf-gof
0.0554
0.0576
0.1092
# cna-ent baf-ent snv-ent
3.0691e+02 3.9965e+06 0.0000e+00
