# n cna-llh baf-llh snv-llh total-llh total-bic
0 -1.2359372850e+06 -1.8276895141e+08 0.0000000000e+00 -1.8400488870e+08 -3.6800988438e+08
1 -1.2574529090e+06 -1.2288079782e+08 0.0000000000e+00 -1.2413825073e+08 -2.4827684023e+08
2 -8.6261213213e+05 -1.1603140908e+08 0.0000000000e+00 -1.1689402121e+08 -2.3378975409e+08
3 -1.9655476200e+06 -1.1529614204e+08 0.0000000000e+00 -1.1726168966e+08 -2.3453673386e+08
# 0 clones
27.249 
27.075 
26.979 
26.966 
27.313 
# 1 clones
22.938 0.7777 
20.514 0.7665 
21.943 0.7468 
36.017 0.5928 
20.716 0.5229 
# 2 clones
17.255 0.6014 0.2597 
21.885 0.6845 0.1099 
22.692 0.7430 0.1041 
25.693 0.6047 0.0026 
12.993 0.1632 0.4171 
# 3 clones
7.347 0.3802 0.2088 0.1041 
7.719 0.2213 0.1099 0.4694 
2.134 0.1970 0.3425 0.2365 
11.684 0.0211 0.0933 0.3155 
11.194 0.2803 0.1050 0.0168 
# cna-gof
3.7560
3.0917
4.4230
1.2412
5.4737
# baf-gof
0.0542
0.0669
0.0587
0.1441
0.0782
# cna-ent baf-ent snv-ent
8.3685e+02 3.5728e+06 0.0000e+00
