# n cna-llh baf-llh snv-llh total-llh total-bic
0 -6.1213132356e+05 -7.8374723512e+07 0.0000000000e+00 -7.8986854836e+07 -1.5797377891e+08
1 -2.2459505279e+06 -5.9468018712e+07 0.0000000000e+00 -6.1713969239e+07 -1.2342819811e+08
2 -4.5340129432e+05 -5.8586342166e+07 0.0000000000e+00 -5.9039743461e+07 -1.1808104473e+08
3 -4.5553396964e+05 -5.8546317410e+07 0.0000000000e+00 -5.9001851379e+07 -1.1801652871e+08
# 0 clones
18.266 
18.316 
18.257 
# 1 clones
6.581 0.6152 
0.035 0.9057 
0.003 0.4594 
# 2 clones
10.295 0.5000 0.3000 
9.517 0.2444 0.6968 
11.050 0.6475 0.0525 
# 3 clones
9.770 0.5181 0.1601 0.1108 
8.420 0.2780 0.3853 0.2713 
11.220 0.6644 0.0335 0.0019 
# cna-gof
0.9361
1.2622
1.2713
# baf-gof
0.0646
0.0639
0.0679
# cna-ent baf-ent snv-ent
1.3232e+04 4.5593e+06 0.0000e+00
