# n cna-llh baf-llh snv-llh total-llh total-bic
0 -1.2907887830e+06 -1.8704108349e+08 0.0000000000e+00 -1.8833187227e+08 -3.7666385152e+08
1 -1.7510592537e+06 -1.1766188199e+08 0.0000000000e+00 -1.1941294124e+08 -2.3882622125e+08
2 -8.2764026800e+05 -1.1418239102e+08 0.0000000000e+00 -1.1501003129e+08 -2.3002177424e+08
3 -8.1711322119e+05 -1.1365063686e+08 0.0000000000e+00 -1.1446775008e+08 -2.2894885468e+08
# 0 clones
27.146 
27.418 
26.897 
27.280 
27.423 
# 1 clones
14.103 0.8221 
16.086 0.6356 
11.753 0.8397 
13.456 0.8053 
2.599 0.3471 
# 2 clones
13.386 0.5448 0.2735 
14.899 0.3091 0.3570 
13.110 0.7951 0.0179 
13.620 0.4724 0.3476 
19.067 0.0423 0.3774 
# 3 clones
21.416 0.4097 0.3193 0.1539 
19.047 0.0889 0.3547 0.2897 
24.313 0.5145 0.3872 0.0024 
20.670 0.6872 0.0352 0.1626 
20.515 0.1063 0.0243 0.3084 
# cna-gof
1.2330
2.5740
1.2813
2.3012
2.0653
# baf-gof
0.0562
0.0760
0.0557
0.0533
0.1466
# cna-ent baf-ent snv-ent
1.4765e+03 4.0279e+06 0.0000e+00
