# n cna-llh baf-llh snv-llh total-llh total-bic
0 -1.2088032067e+06 -1.6922149697e+08 0.0000000000e+00 -1.7043030018e+08 -3.4086070727e+08
1 -3.1265966790e+06 -1.0871492471e+08 0.0000000000e+00 -1.1184152139e+08 -2.2368338134e+08
2 -8.0213616164e+05 -1.0668113358e+08 0.0000000000e+00 -1.0748326974e+08 -2.1496825013e+08
3 -8.1913823647e+05 -1.0636424069e+08 0.0000000000e+00 -1.0718337893e+08 -2.1438010447e+08
# 0 clones
22.973 
22.967 
23.000 
22.994 
22.948 
# 1 clones
0.079 0.5378 
6.017 0.3647 
4.424 0.5676 
17.415 0.4826 
13.785 0.1745 
# 2 clones
12.996 0.6095 0.2058 
14.631 0.4402 0.2200 
14.081 0.8102 0.0066 
12.643 0.0014 0.8186 
16.299 0.1204 0.3014 
# 3 clones
25.701 0.3291 0.3186 0.2533 
21.923 0.4902 0.0000 0.2999 
27.437 0.0338 0.4690 0.3989 
23.503 0.1399 0.6175 0.1376 
25.034 0.3538 0.1503 0.0649 
# cna-gof
2.1838
5.0744
4.2115
2.0482
2.9678
# baf-gof
0.0632
0.0884
0.0646
0.0612
0.1540
# cna-ent baf-ent snv-ent
1.7052e+02 4.1428e+06 0.0000e+00
