# n cna-llh baf-llh snv-llh total-llh total-bic
0 -1.0804711901e+06 -1.4943628620e+08 0.0000000000e+00 -1.5051675739e+08 -3.0103362165e+08
1 -8.5600658144e+05 -1.0342341012e+08 0.0000000000e+00 -1.0427941670e+08 -2.0855917186e+08
2 -7.6260101152e+05 -1.0023738494e+08 0.0000000000e+00 -1.0099998595e+08 -2.0200168195e+08
3 -7.5472813906e+05 -9.9868162088e+07 0.0000000000e+00 -1.0062289023e+08 -2.0125912247e+08
# 0 clones
18.260 
18.354 
18.243 
18.056 
18.300 
# 1 clones
6.028 0.7778 
7.318 0.5601 
5.694 0.8182 
5.644 0.8216 
9.657 0.3462 
# 2 clones
10.277 0.6616 0.2372 
10.428 0.5057 0.2914 
10.512 0.7374 0.1626 
10.665 0.7774 0.1200 
11.621 0.3774 0.2102 
# 3 clones
10.212 0.4117 0.3497 0.1386 
10.417 0.4360 0.1591 0.2043 
10.593 0.4088 0.4226 0.0684 
10.339 0.0179 0.7720 0.1016 
11.328 0.1652 0.2371 0.1977 
# cna-gof
0.9427
1.0714
1.2004
1.2726
1.2639
# baf-gof
0.0638
0.0662
0.0662
0.0650
0.0870
# cna-ent baf-ent snv-ent
3.7548e+03 5.6177e+06 0.0000e+00
