# n cna-llh baf-llh snv-llh total-llh total-bic
0 -6.8628165484e+05 -9.4929003640e+07 0.0000000000e+00 -9.5615285295e+07 -1.9123063983e+08
1 -7.1064652320e+05 -6.3943981232e+07 0.0000000000e+00 -6.4654627755e+07 -1.2930951514e+08
2 -4.5367093554e+05 -6.0466517506e+07 0.0000000000e+00 -6.0920188442e+07 -1.2184193469e+08
3 -4.5155191253e+05 -6.0393220652e+07 0.0000000000e+00 -6.0844772565e+07 -1.2170237103e+08
# 0 clones
18.185 
18.248 
18.185 
# 1 clones
5.080 0.7629 
4.517 0.8633 
4.321 0.7639 
# 2 clones
10.391 0.5775 0.3637 
10.128 0.3890 0.5555 
10.849 0.0010 0.7994 
# 3 clones
9.904 0.5911 0.3506 0.0016 
10.042 0.3923 0.4509 0.0983 
10.882 0.0000 0.5197 0.2803 
# cna-gof
0.8043
0.8052
0.8445
# baf-gof
0.0641
0.0644
0.0733
# cna-ent baf-ent snv-ent
1.5361e+03 5.1549e+06 0.0000e+00
