# n cna-llh baf-llh snv-llh total-llh total-bic
0 -1.4693550836e+06 -1.6984837719e+08 0.0000000000e+00 -1.7131773228e+08 -3.4263557086e+08
1 -8.6857940893e+05 -9.1586712705e+07 0.0000000000e+00 -9.2455292114e+07 -1.8491092087e+08
2 -7.5104106496e+05 -8.8917398162e+07 0.0000000000e+00 -8.9668439227e+07 -1.7933857939e+08
3 -7.6239546166e+05 -8.8861834185e+07 0.0000000000e+00 -8.9624229646e+07 -1.7926173017e+08
# 0 clones
18.395 
18.415 
19.214 
18.321 
18.453 
# 1 clones
6.448 0.8066 
7.268 0.6668 
6.395 0.8175 
9.039 0.4489 
7.166 0.6665 
# 2 clones
11.239 0.5649 0.3347 
12.336 0.6519 0.1481 
11.748 0.7515 0.1484 
13.481 0.6018 0.0017 
11.532 0.4293 0.3707 
# 3 clones
11.690 0.4175 0.2686 0.2136 
12.509 0.1020 0.4727 0.2225 
11.852 0.1226 0.6300 0.1474 
12.786 0.0030 0.5752 0.0308 
10.926 0.3517 0.1955 0.2528 
# cna-gof
1.6996
1.3827
1.2423
2.1996
2.8564
# baf-gof
0.0580
0.0708
0.0597
0.1129
0.0658
# cna-ent baf-ent snv-ent
3.4254e+03 3.5291e+06 0.0000e+00
