# n cna-llh baf-llh snv-llh total-llh total-bic
0 -6.6336833518e+05 -9.0845548685e+07 0.0000000000e+00 -9.1508917020e+07 -1.8301790330e+08
1 -5.4389647004e+05 -6.8619661813e+07 0.0000000000e+00 -6.9163558283e+07 -1.3832737630e+08
2 -4.8091255924e+05 -6.4949373371e+07 0.0000000000e+00 -6.5430285930e+07 -1.3086213029e+08
3 -4.8092084289e+05 -6.4916377731e+07 0.0000000000e+00 -6.5397298574e+07 -1.3080742823e+08
# 0 clones
26.132 
26.145 
26.237 
# 1 clones
12.364 0.4086 
9.509 0.6391 
9.259 0.6667 
# 2 clones
13.678 0.5574 0.3426 
14.204 0.3768 0.5232 
16.427 0.0009 0.6606 
# 3 clones
14.006 0.5574 0.3164 0.0262 
14.007 0.3768 0.3850 0.1382 
16.159 0.0017 0.3753 0.2858 
# cna-gof
0.8439
0.9858
1.1985
# baf-gof
0.0507
0.0519
0.0775
# cna-ent baf-ent snv-ent
2.6358e+02 2.0936e+06 0.0000e+00
