# n cna-llh baf-llh snv-llh total-llh total-bic
0 -1.0108357184e+06 -1.4982503161e+08 0.0000000000e+00 -1.5083586733e+08 -3.0167184157e+08
1 -8.3282643653e+05 -9.9317823729e+07 0.0000000000e+00 -1.0015065017e+08 -2.0030163891e+08
2 -8.1413076701e+05 -9.7746864582e+07 0.0000000000e+00 -9.8560995349e+07 -1.9712370142e+08
3 -7.6765990265e+05 -9.7456960352e+07 0.0000000000e+00 -9.8224620254e+07 -1.9646258767e+08
# 0 clones
18.330 
18.313 
18.299 
18.334 
18.301 
# 1 clones
5.781 0.8162 
6.677 0.6431 
5.782 0.8182 
5.756 0.8182 
8.790 0.4071 
# 2 clones
5.920 0.5449 0.2847 
6.539 0.3872 0.3047 
5.959 0.6188 0.2090 
5.952 0.6492 0.1766 
8.734 0.2399 0.1998 
# 3 clones
9.633 0.3842 0.3190 0.1954 
10.025 0.4453 0.0483 0.3076 
10.857 0.4112 0.3882 0.1012 
10.030 0.0860 0.6810 0.1318 
12.200 0.0948 0.2538 0.2491 
# cna-gof
1.8887
1.6951
2.6129
1.0882
2.2683
# baf-gof
0.0612
0.0630
0.0632
0.0622
0.0856
# cna-ent baf-ent snv-ent
2.6935e+03 4.1798e+06 0.0000e+00
