# n cna-llh baf-llh snv-llh total-llh total-bic
0 -1.7651283795e+06 -2.3251579488e+08 0.0000000000e+00 -2.3428092326e+08 -4.6856195283e+08
1 -8.9956214725e+05 -9.3758719660e+07 0.0000000000e+00 -9.4658281807e+07 -1.8931690026e+08
2 -7.5068205726e+05 -9.0521462981e+07 0.0000000000e+00 -9.1272145038e+07 -1.8254599101e+08
3 -7.4551431571e+05 -9.0179952202e+07 0.0000000000e+00 -9.0925466518e+07 -1.8186420387e+08
# 0 clones
19.130 
18.903 
19.117 
18.062 
19.076 
# 1 clones
7.118 0.8181 
7.939 0.6667 
7.070 0.8186 
10.052 0.4436 
8.050 0.6667 
# 2 clones
12.241 0.7728 0.1252 
13.648 0.3234 0.4768 
13.143 0.3020 0.5969 
14.233 0.0326 0.5674 
13.131 0.6908 0.1090 
# 3 clones
12.608 0.5450 0.1866 0.1684 
12.962 0.0695 0.4659 0.2646 
12.933 0.1637 0.6001 0.1362 
14.437 0.0137 0.5875 0.0000 
12.968 0.3120 0.0049 0.4831 
# cna-gof
1.3932
1.9496
1.2019
0.8146
0.9910
# baf-gof
0.0589
0.0802
0.0585
0.1360
0.0761
# cna-ent baf-ent snv-ent
4.8343e+02 4.8194e+06 0.0000e+00
