# n cna-llh baf-llh snv-llh total-llh total-bic
0 -8.0693690408e+05 -1.0661090649e+08 0.0000000000e+00 -1.0741784339e+08 -2.1483575574e+08
1 -1.1851797103e+06 -5.7817748471e+07 0.0000000000e+00 -5.9002928182e+07 -1.1800611493e+08
2 -4.4683431369e+05 -5.4861765764e+07 0.0000000000e+00 -5.5308600077e+07 -1.1061875156e+08
3 -4.4693379789e+05 -5.4839424795e+07 0.0000000000e+00 -5.5286358593e+07 -1.1058549046e+08
# 0 clones
18.268 
19.370 
18.353 
# 1 clones
3.090 0.6482 
7.616 0.9226 
10.483 0.4926 
# 2 clones
11.447 0.5000 0.3000 
11.353 0.2473 0.6985 
11.589 0.6850 0.0148 
# 3 clones
11.678 0.3373 0.2970 0.1657 
11.213 0.2195 0.6581 0.0691 
11.766 0.3394 0.0973 0.2633 
# cna-gof
0.7535
0.8159
0.9037
# baf-gof
0.0690
0.0577
0.0732
# cna-ent baf-ent snv-ent
1.0562e+03 4.4970e+06 0.0000e+00
