# n cna-llh baf-llh snv-llh total-llh total-bic
0 -6.1856525896e+05 -8.4850090306e+07 0.0000000000e+00 -8.5468655565e+07 -1.7093738041e+08
1 -4.9493961243e+05 -6.6752509202e+07 0.0000000000e+00 -6.7247448815e+07 -1.3449515742e+08
2 -4.8737974902e+05 -6.5329779560e+07 0.0000000000e+00 -6.5817159309e+07 -1.3163587737e+08
3 -4.8574627873e+05 -6.5310856419e+07 0.0000000000e+00 -6.5796602698e+07 -1.3160603912e+08
# 0 clones
27.468 
27.347 
27.413 
# 1 clones
16.637 0.6365 
14.273 0.9200 
18.757 0.4600 
# 2 clones
16.016 0.4076 0.2536 
14.044 0.2337 0.6663 
17.480 0.4807 0.0592 
# 3 clones
16.483 0.3190 0.2098 0.1324 
14.297 0.7009 0.1299 0.0692 
17.679 0.1019 0.2434 0.1945 
# cna-gof
1.0111
1.0762
1.1118
# baf-gof
0.0665
0.0502
0.0978
# cna-ent baf-ent snv-ent
1.2650e+03 2.2928e+06 0.0000e+00
