# n cna-llh baf-llh snv-llh total-llh total-bic
0 -7.8377172857e+05 -1.0596501371e+08 0.0000000000e+00 -1.0674878544e+08 -2.1349764015e+08
1 -5.2269021903e+05 -6.9764740502e+07 0.0000000000e+00 -7.0287430721e+07 -1.4057512123e+08
2 -4.8901275774e+05 -6.7749630627e+07 0.0000000000e+00 -6.8238643384e+07 -1.3647884551e+08
3 -4.8442339019e+05 -6.7678093050e+07 0.0000000000e+00 -6.8162516440e+07 -1.3633786651e+08
# 0 clones
27.414 
26.541 
27.469 
# 1 clones
15.391 0.6400 
13.028 0.9200 
17.249 0.4986 
# 2 clones
16.191 0.4052 0.2606 
13.640 0.2320 0.6687 
17.528 0.4968 0.0449 
# 3 clones
17.879 0.3438 0.2219 0.1311 
18.175 0.1777 0.5009 0.2465 
17.943 0.5281 0.0000 0.0106 
# cna-gof
1.2327
1.0295
1.0195
# baf-gof
0.0787
0.0536
0.1092
# cna-ent baf-ent snv-ent
1.0414e+04 4.1431e+06 0.0000e+00
