# n cna-llh baf-llh snv-llh total-llh total-bic
0 -7.1867899864e+05 -9.8180093984e+07 0.0000000000e+00 -9.8898772983e+07 -1.9779761498e+08
1 -5.0527393826e+05 -6.0722253511e+07 0.0000000000e+00 -6.1227527450e+07 -1.2245531369e+08
2 -4.5056196478e+05 -5.7550629729e+07 0.0000000000e+00 -5.8001191694e+07 -1.1600393610e+08
3 -4.4989106764e+05 -5.7514907190e+07 0.0000000000e+00 -5.7964798258e+07 -1.1594238053e+08
# 0 clones
18.330 
19.494 
18.278 
# 1 clones
7.525 0.6455 
6.061 0.9095 
9.010 0.4615 
# 2 clones
11.937 0.4998 0.2999 
11.581 0.2474 0.6986 
11.875 0.6998 0.0002 
# 3 clones
11.794 0.3862 0.2995 0.1116 
11.560 0.2401 0.6986 0.0073 
11.754 0.4678 0.0004 0.2318 
# cna-gof
0.7308
0.9610
0.8028
# baf-gof
0.0717
0.0616
0.0792
# cna-ent baf-ent snv-ent
6.5989e+02 5.2439e+06 0.0000e+00
