# n cna-llh baf-llh snv-llh total-llh total-bic
0 -8.9103326656e+05 -1.1503299587e+08 0.0000000000e+00 -1.1592402914e+08 -2.3184812733e+08
1 -5.2707633193e+05 -6.7821906144e+07 0.0000000000e+00 -6.8348982476e+07 -1.3669822389e+08
2 -4.8852518138e+05 -6.4663598053e+07 0.0000000000e+00 -6.5152123234e+07 -1.3030580008e+08
3 -4.8459614027e+05 -6.4620373229e+07 0.0000000000e+00 -6.5104969369e+07 -1.3022273015e+08
# 0 clones
27.179 
28.796 
27.594 
# 1 clones
16.369 0.6469 
14.008 0.9130 
18.069 0.4999 
# 2 clones
16.317 0.4167 0.2500 
14.447 0.2338 0.6662 
17.576 0.5399 0.0000 
# 3 clones
33.391 0.4204 0.2449 0.1690 
33.479 0.2020 0.5630 0.1918 
32.254 0.5683 0.0266 0.1482 
# cna-gof
1.6686
0.9294
1.0828
# baf-gof
0.0778
0.0556
0.1076
# cna-ent baf-ent snv-ent
1.6255e+03 6.3486e+06 0.0000e+00
