# n cna-llh baf-llh snv-llh total-llh total-bic
0 -1.2338240917e+06 -1.7626574574e+08 0.0000000000e+00 -1.7749956983e+08 -3.5499924657e+08
1 -9.1526568693e+05 -1.1424024715e+08 0.0000000000e+00 -1.1515551283e+08 -2.3031136421e+08
2 -7.8650593545e+05 -1.0823595631e+08 0.0000000000e+00 -1.0902246224e+08 -2.1804663503e+08
3 -7.9981107470e+05 -1.0807880979e+08 0.0000000000e+00 -1.0887862086e+08 -2.1777058756e+08
# 0 clones
23.023 
22.957 
22.992 
22.937 
23.010 
# 1 clones
8.694 0.6667 
9.833 0.5366 
8.271 0.7241 
12.391 0.3464 
10.809 0.4494 
# 2 clones
12.987 0.6545 0.1655 
15.171 0.2579 0.4112 
14.000 0.2690 0.5499 
17.757 0.0000 0.4203 
14.314 0.5991 0.0609 
# 3 clones
21.827 0.4710 0.3207 0.0996 
18.946 0.2753 0.1457 0.3186 
17.693 0.0130 0.4110 0.4343 
17.312 0.0007 0.0026 0.4208 
21.425 0.3136 0.4778 0.0000 
# cna-gof
1.6309
1.4828
1.6211
1.8578
4.1778
# baf-gof
0.0630
0.0945
0.0646
0.1675
0.0813
# cna-ent baf-ent snv-ent
1.1158e+03 4.1897e+06 0.0000e+00
