# n cna-llh baf-llh snv-llh total-llh total-bic
0 -1.2819331943e+06 -1.4751535528e+08 0.0000000000e+00 -1.4879728847e+08 -2.9759468359e+08
1 -8.6262631106e+05 -9.8020637926e+07 0.0000000000e+00 -9.8883264237e+07 -1.9776686619e+08
2 -8.4991961874e+05 -9.6113888184e+07 0.0000000000e+00 -9.6963807802e+07 -1.9392932194e+08
3 -8.0498778506e+05 -9.5244218802e+07 0.0000000000e+00 -9.6049206587e+07 -1.9211172615e+08
# 0 clones
18.779 
18.785 
18.604 
18.733 
18.398 
# 1 clones
6.356 0.8053 
7.159 0.6394 
6.042 0.8182 
6.198 0.8182 
8.789 0.4090 
# 2 clones
6.224 0.5371 0.2806 
6.666 0.5352 0.1333 
6.070 0.3561 0.4622 
6.129 0.2923 0.5236 
8.975 0.3765 0.0513 
# 3 clones
6.721 0.3366 0.3321 0.1732 
8.313 0.1715 0.3217 0.2293 
6.100 0.4504 0.3604 0.0085 
6.856 0.5533 0.1419 0.1427 
10.147 0.1479 0.1426 0.2422 
# cna-gof
2.4904
1.8961
3.3080
2.6780
1.6223
# baf-gof
0.0622
0.0669
0.0649
0.0624
0.0880
# cna-ent baf-ent snv-ent
5.0711e+03 5.0893e+06 0.0000e+00
