# n cna-llh baf-llh snv-llh total-llh total-bic
0 -1.3795685793e+06 -1.9500633220e+08 0.0000000000e+00 -1.9638590077e+08 -3.9277190852e+08
1 -8.7182625822e+05 -1.1980632532e+08 0.0000000000e+00 -1.2067815158e+08 -2.4135664192e+08
2 -8.3930742816e+05 -1.1576449118e+08 0.0000000000e+00 -1.1660379861e+08 -2.3320930883e+08
3 -8.8597287163e+05 -1.1538906870e+08 0.0000000000e+00 -1.1627504157e+08 -2.3256343728e+08
# 0 clones
27.241 
27.062 
26.874 
27.179 
27.435 
# 1 clones
13.676 0.7804 
14.322 0.6949 
13.111 0.8189 
16.259 0.4992 
16.125 0.5417 
# 2 clones
13.393 0.5294 0.2906 
14.191 0.5620 0.1264 
12.999 0.6533 0.1560 
16.901 0.4316 0.0176 
15.351 0.3081 0.3286 
# 3 clones
28.621 0.4191 0.3689 0.1091 
21.520 0.3015 0.4989 0.0000 
23.833 0.1276 0.6609 0.1080 
25.638 0.0509 0.5645 0.0088 
23.526 0.4169 0.1258 0.2487 
# cna-gof
9.4634
6.5489
1.7550
1.9877
4.2164
# baf-gof
0.0561
0.0790
0.0575
0.1351
0.0741
# cna-ent baf-ent snv-ent
2.6588e+03 4.1783e+06 0.0000e+00
