# n cna-llh baf-llh snv-llh total-llh total-bic
0 -7.3030811229e+05 -1.1009597103e+08 0.0000000000e+00 -1.1082627914e+08 -2.2165262747e+08
1 -4.8483015662e+05 -6.4747982488e+07 0.0000000000e+00 -6.5232812645e+07 -1.3046588476e+08
2 -4.6348714809e+05 -6.1782873726e+07 0.0000000000e+00 -6.2246360875e+07 -1.2449427859e+08
3 -4.6333911743e+05 -6.1758298929e+07 0.0000000000e+00 -6.2221638046e+07 -1.2445609412e+08
# 0 clones
22.046 
22.211 
21.987 
# 1 clones
15.008 0.6403 
13.339 0.9200 
16.198 0.5000 
# 2 clones
14.626 0.4068 0.2532 
13.667 0.2338 0.6662 
15.000 0.5320 0.0080 
# 3 clones
14.730 0.3832 0.2530 0.0238 
13.964 0.0083 0.6662 0.2255 
15.122 0.4174 0.0000 0.1226 
# cna-gof
0.7747
0.8798
0.7830
# baf-gof
0.0915
0.0576
0.1184
# cna-ent baf-ent snv-ent
5.3838e+02 3.9892e+06 0.0000e+00
