# n cna-llh baf-llh snv-llh total-llh total-bic
0 -1.2412041871e+06 -2.0648470112e+08 0.0000000000e+00 -2.0772590531e+08 -4.1545191757e+08
1 -8.3917827000e+05 -1.1673438127e+08 0.0000000000e+00 -1.1757355954e+08 -2.3514745778e+08
2 -8.0766041951e+05 -1.1107498926e+08 0.0000000000e+00 -1.1188264968e+08 -2.2376701063e+08
3 -7.9661668525e+05 -1.0944924065e+08 0.0000000000e+00 -1.1024585734e+08 -2.2050506622e+08
# 0 clones
23.879 
24.010 
24.072 
24.031 
24.067 
# 1 clones
10.037 0.7778 
11.421 0.6531 
10.196 0.7524 
13.660 0.4158 
12.977 0.4821 
# 2 clones
15.375 0.4918 0.3284 
14.925 0.1794 0.5205 
14.354 0.3975 0.4026 
17.457 0.0280 0.4114 
15.976 0.6605 0.0000 
# 3 clones
14.901 0.6484 0.0956 0.0753 
15.815 0.2543 0.4165 0.0032 
14.241 0.2129 0.4957 0.1111 
17.318 0.0065 0.4214 0.0025 
15.143 0.4585 0.0339 0.1676 
# cna-gof
1.6022
1.0300
1.6443
2.5892
1.9329
# baf-gof
0.0611
0.0959
0.0624
0.1636
0.0828
# cna-ent baf-ent snv-ent
3.7843e+03 3.8374e+06 0.0000e+00
