# n cna-llh baf-llh snv-llh total-llh total-bic
0 -1.1819776834e+06 -1.7382734611e+08 0.0000000000e+00 -1.7500932379e+08 -3.5001875456e+08
1 -9.2533353012e+05 -1.1733279910e+08 0.0000000000e+00 -1.1825813263e+08 -2.3651660403e+08
2 -8.3314535710e+05 -1.1388211289e+08 0.0000000000e+00 -1.1471525825e+08 -2.2943222817e+08
3 -8.2210428283e+05 -1.1319290756e+08 0.0000000000e+00 -1.1401501184e+08 -2.2804337824e+08
# 0 clones
27.161 
27.241 
27.082 
27.245 
27.417 
# 1 clones
9.831 0.7510 
12.289 0.5000 
9.102 0.8241 
10.029 0.7420 
17.374 0.2387 
# 2 clones
13.982 0.5502 0.2546 
15.221 0.2773 0.3858 
13.062 0.8131 0.0043 
13.897 0.5108 0.3007 
18.959 0.0222 0.3761 
# 3 clones
20.811 0.3632 0.3581 0.1662 
22.032 0.5656 0.0309 0.1670 
20.524 0.0014 0.6474 0.2254 
24.284 0.2876 0.6118 0.0038 
26.650 0.5258 0.0631 0.0023 
# cna-gof
2.6266
1.6118
2.0162
1.5613
1.4955
# baf-gof
0.0530
0.0696
0.0530
0.0524
0.1385
# cna-ent baf-ent snv-ent
1.4047e+03 3.5812e+06 0.0000e+00
