# n cna-llh baf-llh snv-llh total-llh total-bic
0 -1.0652164146e+06 -1.4288997733e+08 0.0000000000e+00 -1.4395519375e+08 -2.8791049445e+08
1 -8.3097513127e+05 -1.1274089013e+08 0.0000000000e+00 -1.1357186526e+08 -2.2714406920e+08
2 -8.1465619567e+05 -1.1013174387e+08 0.0000000000e+00 -1.1094640007e+08 -2.2189451137e+08
3 -8.1953252177e+05 -1.0990647976e+08 0.0000000000e+00 -1.1072601229e+08 -2.2146537576e+08
# 0 clones
27.536 
27.495 
27.331 
27.578 
27.463 
# 1 clones
17.993 0.4803 
20.704 0.2988 
14.557 0.8000 
18.400 0.4471 
23.660 0.1463 
# 2 clones
14.438 0.5388 0.2811 
16.059 0.2972 0.3649 
14.710 0.8039 0.0002 
14.745 0.4978 0.3068 
19.056 0.0467 0.3590 
# 3 clones
15.598 0.4449 0.2575 0.1284 
17.255 0.2544 0.4004 0.0464 
16.527 0.6404 0.0065 0.1937 
14.815 0.3682 0.2719 0.1598 
19.399 0.0460 0.3469 0.0138 
# cna-gof
2.1791
1.7437
1.7427
2.9614
1.2153
# baf-gof
0.0499
0.0614
0.0498
0.0504
0.1467
# cna-ent baf-ent snv-ent
4.2135e+03 2.6442e+06 0.0000e+00
