# n cna-llh baf-llh snv-llh total-llh total-bic
0 -6.0726448636e+05 -8.1072391961e+07 0.0000000000e+00 -8.1679656447e+07 -1.6335938217e+08
1 -1.3483401957e+06 -6.5901181870e+07 0.0000000000e+00 -6.7249522066e+07 -1.3449930390e+08
2 -4.8140503000e+05 -6.4467359723e+07 0.0000000000e+00 -6.4948764753e+07 -1.2989908812e+08
3 -4.8179078267e+05 -6.4460946328e+07 0.0000000000e+00 -6.4942737110e+07 -1.2989830678e+08
# 0 clones
26.195 
26.130 
26.150 
# 1 clones
14.349 0.2184 
2.494 0.6926 
16.702 0.1428 
# 2 clones
15.951 0.4068 0.2532 
13.976 0.2338 0.6662 
16.861 0.5096 0.0304 
# 3 clones
21.696 0.2947 0.2564 0.2026 
17.067 0.1930 0.1560 0.5685 
25.570 0.3505 0.3475 0.0018 
# cna-gof
0.9494
0.8640
1.2666
# baf-gof
0.0660
0.0525
0.0953
# cna-ent baf-ent snv-ent
1.9335e+03 6.7160e+06 0.0000e+00
