# n cna-llh baf-llh snv-llh total-llh total-bic
0 -1.2993006369e+06 -1.9126184566e+08 0.0000000000e+00 -1.9256114629e+08 -3.8512239921e+08
1 -9.4885359979e+05 -1.0347019984e+08 0.0000000000e+00 -1.0441905344e+08 -2.0883844451e+08
2 -7.6764692265e+05 -9.7658034601e+07 0.0000000000e+00 -9.8425681523e+07 -1.9685306900e+08
3 -7.5249917414e+05 -9.6208880082e+07 0.0000000000e+00 -9.6961379256e+07 -1.9393606850e+08
# 0 clones
18.280 
18.168 
18.173 
18.274 
18.307 
# 1 clones
5.838 0.8093 
6.322 0.7242 
5.799 0.7857 
8.413 0.4971 
8.320 0.5010 
# 2 clones
10.750 0.6391 0.2619 
11.645 0.7244 0.1059 
10.994 0.6774 0.2078 
13.014 0.6058 0.0028 
10.458 0.3273 0.4727 
# 3 clones
10.635 0.4674 0.2347 0.1979 
11.063 0.6599 0.1442 0.0012 
10.817 0.5981 0.0002 0.3017 
12.906 0.6034 0.0000 0.0130 
10.821 0.1454 0.1484 0.5066 
# cna-gof
1.1889
1.6348
1.1724
0.8881
0.9806
# baf-gof
0.0613
0.0744
0.0628
0.1273
0.0685
# cna-ent baf-ent snv-ent
1.8832e+03 5.3390e+06 0.0000e+00
