# n cna-llh baf-llh snv-llh total-llh total-bic
0 -7.8651421205e+05 -1.0658662696e+08 0.0000000000e+00 -1.0737314117e+08 -2.1474635138e+08
1 -5.0343205903e+05 -5.6278034978e+07 0.0000000000e+00 -5.6781467037e+07 -1.1356319293e+08
2 -4.4852588316e+05 -5.4605685360e+07 0.0000000000e+00 -5.5054211243e+07 -1.1010997561e+08
3 -4.4948201614e+05 -5.4581902457e+07 0.0000000000e+00 -5.5031384473e+07 -1.1007555634e+08
# 0 clones
18.383 
18.920 
18.341 
# 1 clones
7.195 0.6666 
5.881 0.9056 
8.207 0.5322 
# 2 clones
12.085 0.5000 0.3000 
11.842 0.2470 0.6981 
12.178 0.6625 0.0377 
# 3 clones
11.860 0.4579 0.2046 0.1376 
11.652 0.7236 0.1672 0.0544 
11.888 0.2603 0.2370 0.2027 
# cna-gof
0.8841
0.9083
1.0974
# baf-gof
0.0693
0.0571
0.0796
# cna-ent baf-ent snv-ent
5.8242e+03 4.4811e+06 0.0000e+00
