# n cna-llh baf-llh snv-llh total-llh total-bic
0 -9.6951342381e+05 -1.1175888213e+08 0.0000000000e+00 -1.1272839555e+08 -2.2545686030e+08
1 -1.9772855292e+06 -7.2099337619e+07 0.0000000000e+00 -7.4076623149e+07 -1.4815350577e+08
2 -4.8307383351e+05 -6.9309149429e+07 0.0000000000e+00 -6.9792223262e+07 -1.3958600338e+08
3 -4.8229419011e+05 -6.9147590721e+07 0.0000000000e+00 -6.9629884911e+07 -1.3927258793e+08
# 0 clones
27.592 
27.520 
27.509 
# 1 clones
6.872 0.4370 
23.120 0.5160 
4.572 0.5763 
# 2 clones
22.478 0.5819 0.3595 
21.846 0.3891 0.5521 
21.798 0.0093 0.7858 
# 3 clones
22.591 0.5935 0.3498 0.0000 
22.827 0.3960 0.3611 0.1901 
21.758 0.0000 0.3794 0.4158 
# cna-gof
1.4937
1.3644
1.0956
# baf-gof
0.0540
0.0555
0.0752
# cna-ent baf-ent snv-ent
3.5858e+02 4.3985e+06 0.0000e+00
