# n cna-llh baf-llh snv-llh total-llh total-bic
0 -7.3274454798e+05 -1.1856008032e+08 0.0000000000e+00 -1.1929282487e+08 -2.3858571890e+08
1 -4.6047510112e+05 -5.9087809389e+07 0.0000000000e+00 -5.9548284490e+07 -1.1909682832e+08
2 -4.4962076619e+05 -5.4822737514e+07 0.0000000000e+00 -5.5272358280e+07 -1.1054627261e+08
3 -4.7222088162e+05 -5.4743507758e+07 0.0000000000e+00 -5.5215728639e+07 -1.1044426877e+08
# 0 clones
18.394 
18.387 
18.491 
# 1 clones
7.694 0.9126 
7.650 0.9126 
8.314 0.7763 
# 2 clones
10.597 0.5886 0.3514 
10.854 0.3872 0.5548 
12.361 0.0045 0.7954 
# 3 clones
5.880 0.5484 0.3279 0.0115 
5.697 0.3782 0.3316 0.1821 
7.508 0.0000 0.2089 0.4577 
# cna-gof
1.8544
1.8142
1.9358
# baf-gof
0.0572
0.0585
0.0723
# cna-ent baf-ent snv-ent
1.4150e+03 6.5236e+06 0.0000e+00
