# n cna-llh baf-llh snv-llh total-llh total-bic
0 -7.2099167326e+05 -1.0870760016e+08 0.0000000000e+00 -1.0942859183e+08 -2.1885725291e+08
1 -4.9074258974e+05 -6.6723487625e+07 0.0000000000e+00 -6.7214230215e+07 -1.3442872013e+08
2 -4.7448310120e+05 -6.4019146656e+07 0.0000000000e+00 -6.4493629758e+07 -1.2898881773e+08
3 -4.7528575756e+05 -6.4009168568e+07 0.0000000000e+00 -6.4484454325e+07 -1.2898173792e+08
# 0 clones
24.275 
24.380 
24.335 
# 1 clones
15.832 0.6400 
13.748 0.9200 
17.317 0.4977 
# 2 clones
15.589 0.4103 0.2538 
14.535 0.2338 0.6662 
16.485 0.5229 0.0168 
# 3 clones
15.987 0.2629 0.2614 0.1397 
13.907 0.7292 0.0720 0.0989 
16.257 0.0346 0.3256 0.1798 
# cna-gof
1.5535
1.2526
1.0238
# baf-gof
0.0825
0.0547
0.1126
# cna-ent baf-ent snv-ent
3.1763e+03 3.4386e+06 0.0000e+00
