# n cna-llh baf-llh snv-llh total-llh total-bic
0 -7.1329163497e+05 -9.4557468545e+07 0.0000000000e+00 -9.5270760180e+07 -1.9054158954e+08
1 -1.3267241254e+06 -5.9891610295e+07 0.0000000000e+00 -6.1218334421e+07 -1.2243692828e+08
2 -4.5695407428e+05 -5.8544994004e+07 0.0000000000e+00 -5.9001948079e+07 -1.1800545279e+08
3 -4.5390150307e+05 -5.8440823479e+07 0.0000000000e+00 -5.8894724982e+07 -1.1780226623e+08
# 0 clones
18.292 
18.110 
18.309 
# 1 clones
9.042 0.7955 
1.038 0.9400 
9.868 0.6593 
# 2 clones
9.093 0.5102 0.2891 
8.396 0.2249 0.7165 
10.542 0.6884 0.0117 
# 3 clones
9.321 0.4399 0.2488 0.1107 
8.196 0.5779 0.1189 0.2432 
10.296 0.3385 0.3523 0.0098 
# cna-gof
0.9371
1.2146
0.7483
# baf-gof
0.0645
0.0636
0.0677
# cna-ent baf-ent snv-ent
5.3673e+03 7.2433e+06 0.0000e+00
