# n cna-llh baf-llh snv-llh total-llh total-bic
0 -1.0820652720e+06 -1.4843964114e+08 0.0000000000e+00 -1.4952170642e+08 -2.9904351969e+08
1 -8.5427480508e+05 -1.0536771973e+08 0.0000000000e+00 -1.0622199454e+08 -2.1244432746e+08
2 -7.5994374727e+05 -1.0196377375e+08 0.0000000000e+00 -1.0272371749e+08 -2.0544914473e+08
3 -8.3615081822e+05 -1.0144560413e+08 0.0000000000e+00 -1.0228175494e+08 -2.0457684941e+08
# 0 clones
18.096 
18.349 
18.445 
18.379 
18.192 
# 1 clones
5.806 0.8182 
6.506 0.6898 
5.779 0.8180 
8.281 0.4589 
6.743 0.6470 
# 2 clones
10.353 0.4610 0.4389 
11.090 0.2031 0.6130 
10.448 0.1348 0.7509 
11.960 0.0116 0.5965 
10.787 0.3295 0.4504 
# 3 clones
5.724 0.4566 0.2037 0.1577 
6.821 0.2291 0.3753 0.0667 
5.589 0.0832 0.5646 0.1705 
8.638 0.0028 0.4138 0.0333 
6.579 0.2876 0.1616 0.2166 
# cna-gof
3.1001
2.7352
3.1889
2.8287
2.9237
# baf-gof
0.0661
0.0772
0.0644
0.1021
0.0712
# cna-ent baf-ent snv-ent
2.9252e+03 7.1429e+06 0.0000e+00
