# n cna-llh baf-llh snv-llh total-llh total-bic
0 -1.0606242264e+06 -1.3247851671e+08 0.0000000000e+00 -1.3353914094e+08 -2.6707835093e+08
1 -5.3040976788e+05 -7.0497559584e+07 0.0000000000e+00 -7.1027969352e+07 -1.4205619764e+08
2 -4.9050373986e+05 -6.4920457727e+07 0.0000000000e+00 -6.5410961467e+07 -1.3082347653e+08
3 -4.7909505725e+05 -6.4848352483e+07 0.0000000000e+00 -6.5327447541e+07 -1.3066768639e+08
# 0 clones
28.231 
28.753 
28.918 
# 1 clones
14.954 0.8868 
14.456 0.9000 
15.332 0.7400 
# 2 clones
14.159 0.5556 0.3412 
14.301 0.3765 0.5231 
16.210 0.0077 0.6650 
# 3 clones
26.934 0.5852 0.3134 0.0461 
26.950 0.3939 0.4743 0.0764 
26.666 0.0019 0.5587 0.2365 
# cna-gof
1.0038
0.9113
1.1320
# baf-gof
0.0517
0.0543
0.0950
# cna-ent baf-ent snv-ent
3.2915e+02 4.1036e+06 0.0000e+00
