# n cna-llh baf-llh snv-llh total-llh total-bic
0 -6.6843150825e+05 -9.4247801880e+07 0.0000000000e+00 -9.4916233388e+07 -1.8983253605e+08
1 -5.0203147142e+05 -6.8591760662e+07 0.0000000000e+00 -6.9093792134e+07 -1.3818784406e+08
2 -4.8504785603e+05 -6.5684373291e+07 0.0000000000e+00 -6.6169421147e+07 -1.3234040102e+08
3 -4.8459078898e+05 -6.5656611765e+07 0.0000000000e+00 -6.6141202554e+07 -1.3229523862e+08
# 0 clones
27.410 
27.424 
27.398 
# 1 clones
11.142 0.7273 
10.252 0.8303 
11.423 0.6988 
# 2 clones
14.339 0.5575 0.3425 
14.148 0.3771 0.5230 
16.212 0.0000 0.6600 
# 3 clones
14.500 0.5700 0.3300 0.0000 
14.294 0.3768 0.3071 0.2162 
16.329 0.0102 0.2075 0.4592 
# cna-gof
0.9558
0.9970
0.9452
# baf-gof
0.0496
0.0503
0.0693
# cna-ent baf-ent snv-ent
3.2376e+03 1.9379e+06 0.0000e+00
