# n cna-llh baf-llh snv-llh total-llh total-bic
0 -1.0839027830e+06 -1.4452180947e+08 0.0000000000e+00 -1.4560571225e+08 -2.9121149342e+08
1 -1.9353261852e+06 -6.1907860465e+07 0.0000000000e+00 -6.3843186650e+07 -1.2768663174e+08
2 -4.3775701969e+05 -5.0797278917e+07 0.0000000000e+00 -5.1235035937e+07 -1.0247162252e+08
3 -4.3773920820e+05 -5.0733533247e+07 0.0000000000e+00 -5.1171272456e+07 -1.0235531188e+08
# 0 clones
19.500 
19.205 
19.043 
# 1 clones
5.673 0.9236 
1.794 0.8657 
32.383 0.1871 
# 2 clones
11.683 0.5902 0.3516 
11.661 0.3910 0.5507 
12.235 0.0112 0.7888 
# 3 clones
11.417 0.5803 0.1967 0.1637 
11.567 0.5546 0.1311 0.2618 
12.312 0.4135 0.0013 0.3852 
# cna-gof
0.9583
0.7418
0.8042
# baf-gof
0.0508
0.0513
0.0751
# cna-ent baf-ent snv-ent
4.7482e+03 6.7455e+06 0.0000e+00
