# n cna-llh baf-llh snv-llh total-llh total-bic
0 -6.2770469610e+05 -8.4587080169e+07 0.0000000000e+00 -8.5214784865e+07 -1.7042963898e+08
1 -1.4983026619e+06 -6.2809888109e+07 0.0000000000e+00 -6.4308190771e+07 -1.2861664123e+08
2 -4.5294590490e+05 -6.0748521901e+07 0.0000000000e+00 -6.1201467806e+07 -1.2240449372e+08
3 -4.5255988635e+05 -6.0696215791e+07 0.0000000000e+00 -6.1148775677e+07 -1.2231037977e+08
# 0 clones
18.198 
18.183 
18.292 
# 1 clones
1.374 0.4753 
3.558 0.8962 
10.319 0.2728 
# 2 clones
10.669 0.4962 0.2992 
10.283 0.2472 0.6987 
11.277 0.6683 0.0316 
# 3 clones
10.475 0.3000 0.2901 0.2098 
10.114 0.6999 0.0852 0.1607 
11.308 0.0130 0.4552 0.2342 
# cna-gof
1.0983
0.8870
0.8051
# baf-gof
0.0703
0.0648
0.0765
# cna-ent baf-ent snv-ent
1.2874e+03 5.2438e+06 0.0000e+00
