# n cna-llh baf-llh snv-llh total-llh total-bic
0 -1.2225411091e+06 -1.3892465108e+08 0.0000000000e+00 -1.4014719219e+08 -2.8029449100e+08
1 -8.1290403165e+05 -9.8013401000e+07 0.0000000000e+00 -9.8826305031e+07 -1.9765294767e+08
2 -7.6434703136e+05 -9.5746366765e+07 0.0000000000e+00 -9.6510713797e+07 -1.9302313342e+08
3 -7.4982113766e+05 -9.5419994705e+07 0.0000000000e+00 -9.6169815843e+07 -1.9235294067e+08
# 0 clones
18.367 
18.313 
18.601 
18.353 
18.334 
# 1 clones
6.227 0.8037 
6.635 0.7097 
6.169 0.7891 
8.491 0.4643 
7.553 0.6069 
# 2 clones
10.460 0.7727 0.1220 
11.704 0.7875 0.0025 
10.063 0.7290 0.1623 
12.489 0.5917 0.0277 
9.735 0.5043 0.2612 
# 3 clones
10.960 0.4377 0.2660 0.1963 
11.609 0.2659 0.5340 0.0000 
11.005 0.0153 0.5934 0.2912 
13.148 0.0013 0.5982 0.0005 
11.486 0.2262 0.0967 0.4771 
# cna-gof
0.9424
1.1569
0.8745
0.7230
1.0668
# baf-gof
0.0637
0.0717
0.0622
0.1063
0.0641
# cna-ent baf-ent snv-ent
4.4215e+02 3.8240e+06 0.0000e+00
