# n cna-llh baf-llh snv-llh total-llh total-bic
0 -8.1846098675e+05 -1.1633251608e+08 0.0000000000e+00 -1.1715097707e+08 -2.3430202310e+08
1 -2.2965994429e+06 -6.3240448396e+07 0.0000000000e+00 -6.5537047839e+07 -1.3107437150e+08
2 -4.4874344831e+05 -5.6511081170e+07 0.0000000000e+00 -5.6959824618e+07 -1.1392152826e+08
3 -4.4845673782e+05 -5.6468901653e+07 0.0000000000e+00 -5.6917358391e+07 -1.1385216238e+08
# 0 clones
18.308 
18.515 
19.551 
# 1 clones
0.003 0.8421 
0.013 0.8414 
5.080 0.6809 
# 2 clones
10.892 0.5989 0.3523 
11.479 0.3924 0.5565 
13.083 0.0024 0.8016 
# 3 clones
13.011 0.5107 0.2976 0.1513 
14.499 0.3091 0.4328 0.2181 
18.100 0.0011 0.5688 0.2890 
# cna-gof
0.7267
0.7819
0.7643
# baf-gof
0.0607
0.0625
0.0778
# cna-ent baf-ent snv-ent
1.5436e+04 4.0671e+06 0.0000e+00
