# n cna-llh baf-llh snv-llh total-llh total-bic
0 -8.9791869829e+05 -1.2311061800e+08 0.0000000000e+00 -1.2400853670e+08 -2.4801714268e+08
1 -2.0242701675e+06 -7.2486076102e+07 0.0000000000e+00 -7.4510346270e+07 -1.4902095233e+08
2 -4.9000999036e+05 -6.8140387433e+07 0.0000000000e+00 -6.8630397423e+07 -1.3726235356e+08
3 -4.8356407539e+05 -6.8033224284e+07 0.0000000000e+00 -6.8516788360e+07 -1.3704641013e+08
# 0 clones
27.150 
26.865 
26.688 
# 1 clones
4.570 0.5884 
17.020 0.5477 
6.039 0.4386 
# 2 clones
14.110 0.5575 0.3425 
13.605 0.3755 0.5245 
15.189 0.0118 0.6678 
# 3 clones
26.203 0.5868 0.3142 0.0465 
26.449 0.3922 0.4048 0.1505 
25.677 0.0008 0.5071 0.2881 
# cna-gof
1.2538
1.0909
0.9502
# baf-gof
0.0515
0.0533
0.0871
# cna-ent baf-ent snv-ent
5.3834e+02 4.1267e+06 0.0000e+00
